23 3 10 1.59 7
24 4 13 2.38 6
25 5 16 3.18 6
26 6 19 3.97 6
27 7 22 3.97 7
29 9 26 4.76 7
128 140 210 20.6 15
130 150 225 22.2 16
132 160 240 23.8 15
134 170 260 27 14
136 180 280 30.16 14
138 190 290 28.56 15
140 200 310 33.3 13
144 220 340 35.7 13
148 240 360 36.5 14
156 280 420 41.28 12
164 320 480 44.45 16
172 360 540 50.8 15
200 10 30 5.95 6
201 12 32 5.56 7
202 15 35 5.95 8
203 17 40 7.14 7
204 20 47 7.94 8
205 25 52 7.94 9
206 30 62 9.53 9
207 35 72 11.11 9
208 40 80 12.7 9
209 45 85 12.7 9
210 50 90 12.7 10
211 55 100 14.29 10
212 60 110 15.88 10
213 65 120 16.67 10
214 70 125 17.46 10
215 75 130 17.46 11
216 80 140 19.05 10
217 85 150 19.84 11
218 90 160 22.23 10
220 100 180 25.4 10
305 25 62 11.509 7
1000093 3 8 1.59 6
1000094 4 11 2 7
1000095 5 13 2 8
1000096 6 15 2.38 8
1000097 7 17 3 7
1000098 8 19 3 8
1000099 9 20 3.5 7
1000900 10 22 3.97 7
1000901 12 24 3.97 7
1000902 15 28 3.18 12
1000903 17 30 3.5 11
1000904 20 37 5 10
1000905 25 42 5 12
1000906 30 47 5 13
1000907 35 55 5.95 13
1000908 40 62 6.35 14
1000909 45 68 7.14 13
1000911 55 80 6.35 18
1000912 60 85 7.14 19
1000915 75 105 8.73 18
